01100111
01110011
00010000
01110100
01010000
00001100
00100011
01000101
01111010
01111011
00010100
01111011
01111010
00111110
01100110
00010010
00110110
01110100
01100101
01111010
01010011
00000101
01101100
01110111
01010110
01100000
01011110
00110010
01010011
00010110
01011010
00000100
00000000000
00100011
00000110
00001100
01101001
01011000
00101000
01111001
00000100
00111000
00110000
01100001
01100101
00011000
00111110
00111001
01010010
01011010
01100000
00100011
01010110
01010011
00010101
00001111
00111111
01111010
00101011
01001010
00011100
01011111
00100000
01000000
01011001
00000000000
01110001
01111010
01000101
00010010
00010011
00100001
01101011
00100000
01100111
00011111
01110110
00101100
00011001
00100000
01001110
00111100
00101101
01101010
01001010
01000110
01110100
00100100
01100000
01100000
00110000
01001000
00001010
00000111
01000011
01100011
01110111
00010000
0000000000
01001000
00111100
00000010
00101011
00010101
01100101
00101000
01000011
00010101
01001100
00100001
01010011
01011000
01011111
00111001
00001011
00011101
01110100
00010011
01101001
01000100
01111111
00001010
00111000
00001110
01111010
00000001
01100010
01101000
01101110
00001011
00110011
0000000000
00100001
01100110
00110111
01110100
00010111
00100010
00010010
00010001
01101110
01001010
01000110
00010010
01101100
01001111
00101101
01000001
00110011
00001010
00011110
00010000
00010111
00011110
00110101
00000110
01110011
01111000
00111110
00111110
00101011
01110010
00101111
00001110
